fitness
0.0003640135126187963
0.0002336702304828004
0.00036341877328480236
0.0007390798986637657
0.00037348437442819097
0.0005558223529359133
0.0005888214492078291
0.0004784474568817025
0.0013104773726402904
0.00032873293213069233
0.00029713649098550316
0.00030233160730090816
8.767141426109963e-05
0.00020062354619635549
0.00011441451229980427
0.0009098042478114358
0.0013251702125424037
0.0005894792776371045
0.0009283323396967885
0.0016652987139992963
0.002186952186037231
0.0016841836437505352
0.0005934404107437068
0.0015603712922477998
0.0017469451835214374
0.0027401123928865252
0.0012632290937178003
0.0027534303481141073
0.001591917674322436
0.0011760719678892062
0.0003339595818815329
0.001432547229280658
0.001062497690060248
0.00013620590566378176
0.00017718433518541473
0.00017803104195697827
2.6077850925530296e-05
2.1349478383963965e-05
4.137246744551651e-05
4.6580905729104345e-05
0.0005014344331727777
0.00033552721656541763
0.0002941811673535573
0.00023147354413869477
0.0005061450272313738
0.0008136782945613564
0.0007477801094680207
0.00014797402431174428
4.542564618583521e-05
0.00010453181971972474
7.28589841083984e-05
5.991138051205513e-05
2.6154707020236875e-05
8.433291482377251e-05
0.00011816215962009294
0.00014662263577832883
0.0001182802485666309
8.937809111113778e-05
0.00023815852077942848
0.0005109210012925362
0.0006558267398051424
0.00030244447069840725
0.0005590895998332052
0.00028644942171990735
7.51721600368481e-05
0.00011543245551336724
6.130506388516282e-05
0.00022966341802785307
0.00018414380299355026
0.00013153745665641674
0.0008337953080372159
0.0006122302327905668
0.001137231250030376
0.0013412035554446094
0.0009414197049024273
0.00022499407534202736
0.0011552225958805173
0.000524211462705711
0.00026091137354494553
0.00011847641398179039
0.00011484072436186975
5.132099041620631e-05
2.912167892071146e-05
7.560982566668591e-05
0.00015449691144492423
0.00017747397447607005
0.00019588115490888307
0.00028004871810397957
0.00018146054851341707
0.00010297251874084291
0.0002452827101910616
0.00027773497136856373
0.0002542917638689239
0.0001571370096774916
0.00011977713378231643
0.00021390887606893052
0.00027855918481530174
4.185365124518674e-05
8.091651186698009e-05
5.0732522431471295e-05
0.00013206710596809707
0.00028425401607015113
0.0002015671667848986
0.00025740986592684135
0.0001884527106454187
9.526881444913884e-05
0.00018903470852127066
6.415978742338719e-05
0.000210661484681247
8.629152848485698e-05
0.00010188657657070563
0.00018415647035412074
0.000632221658297397
0.0001357105656510241
9.680916442046116e-05
0.0002811533790294707
0.00021758630348039934
0.00018521512431176595
0.0003995829456512182
0.00015034902460047455
0.00021449914748121698
0.0007639429211108668
0.00017984814180182365
0.00046209672101927754
0.0002005472816050179
0.00014512173723121258
0.000553517187532109
0.0006627108456904549
0.00026091085317890317
0.00037186125485106313
0.0010104231678817867
0.0004237934666635202
0.0006366434826654321
0.0001169329681941325
0.00013083833115847454
0.00017862802978076483
0.00021661125140164198
0.00019137612162311164
0.00029074732613314566
0.00012893532423930036
7.676944562644769e-05
0.0002768061832862944
0.00015068686773571984
0.0002058704680741349
0.000288211312447483
0.00016373429776222066
9.940597701863349e-05
0.000855792775916403
3.929832195621374e-05
0.00047067362075344426
0.001203903345715299
0.00041783154393992415
0.002916531963591043
0.003746772163439606
0.0016706086792916044
0.0004630452601170724
0.000806688292619012
0.0006744078011038045
0.000525375241550193
0.001455265563066897
0.0004278967618470565
0.0005307271136413265
0.0006007213773367842
0.0012472299707983702
0.0007216008453284391
0.0015119796212232507
0.0017564873507571396
0.0016328750114617346
0.0006259253262490403
0.00023840891488829957
0.00036922575915178445
0.00041517877512623125
0.0005542504845679055
0.00029596578179960024
0.0004118003702479345
0.00029784732972346143
0.00047310330469391566
0.0002383557310088384
0.0001721898951724785
0.00018597513370027352
0.00013588348244503433
0.00041417136298055595
0.00125736101924445
0.00024409401985849103
0.0008565547106529416
0.000603345780312245
0.0006710215946986792
0.001056045219006789
0.0008079033652751542
0.00034575411034007804
0.0007757348536258922
0.0005219209412537746
0.00046438030598084886
0.00046207098182757554
0.0002794330632444992
0.0004466936387662609
0.00031604167144653827
0.00041993403991056065
0.00010471670811952751
7.800303741025444e-05
