fitness
0.0007982935313040211
0.0007541496560119934
0.0008938075533026022
0.000644188031914685
0.0003604524184642822
0.00032323042836640765
0.0016834797216310538
0.0005755691147879068
0.0003800475027035683
0.00038265955649950895
0.00043625796954141347
0.0006937206817032859
0.0003058970892493676
5.0768773928706555e-05
5.667762222015469e-05
2.1021490221609075e-05
3.3913649652849445e-05
5.359544309054155e-05
3.0697826745286984e-05
2.4486120252167882e-05
6.442792419574135e-05
0.0004879345084466108
0.0002771583029100648
0.00016848072162257781
0.00014661986248800705
0.0002962466229292839
0.0005441853420544941
6.907065407444196e-05
0.0004949328906583897
0.0007431368403648994
0.0007492881806034488
5.9089705498414804e-05
4.557048137835609e-05
5.182774491309793e-05
0.00012010169940543695
4.591159140389752e-05
6.094327196724353e-05
0.00013167016558745316
5.055601632409387e-05
7.435833244457103e-05
7.258404149876195e-05
9.483874750078846e-05
0.00015435074366351508
9.201379243024867e-05
8.409956438556038e-05
7.615246208005552e-05
1.2724945842560956e-05
0.00012575799262281765
5.4422496900918356e-05
6.40995701881081e-05
5.3585055610637713e-05
0.00011867547923020824
0.00011651928734982743
0.00010450183005558502
6.895466522362397e-05
0.0005070037663853971
0.00010668394080340623
0.0006913980222355922
0.0008379539902663947
0.000364726854507154
8.479923266789549e-05
0.00012272523750671112
0.00027626854430180516
0.00028003186633222463
0.0003374109156145983
0.00024429418728865766
0.0002974589341759701
0.00033038312081697856
0.0005898583027620846
0.0006401411532643483
0.00037671353126662296
0.0011830019467277116
0.0004721523525419448
0.0005458326448551552
0.0010875335183900647
0.000986687158175549
0.0007925983610543319
0.0003504750039210061
0.0005929409698231626
0.00035919466204694625
0.00025748058169725014
0.0005509063290412345
0.0008232028979428255
0.00034580678456972867
0.000249531594311438
0.0010057477803697072
0.0005213972287630644
0.0006524798212380642
0.0014487917517992926
0.0009378504651748872
0.001160839619196961
0.00031567569012044507
0.00031368133163004776
0.0002854408686093015
0.0002743327805831941
0.0008328285947034497
0.0005803862258541488
0.0012651629147986429
0.0002694223082673071
0.00010266693423322966
0.0007689302453227558
0.0005211481421734224
0.0011943504012177058
0.0010874151031054539
0.0012893895295049927
0.001056648703317102
0.0002646915979722321
0.0003139756580681049
0.0006161082629601773
0.0006366789989166565
0.0006194976009733823
0.0007860409225273607
0.0007417230406338046
0.0004523270062153951
0.00036217507115599175
0.0003426249257092836
0.0002893713340976069
9.790534178486341e-05
0.0003892091520429299
0.0002258801986421903
0.00033793051372859673
0.0005745260149636864
0.00021326992484076978
0.00011792005019149172
0.000338810531953616
0.0002973407366950915
0.0007295086044705345
0.00038885297473241444
0.00018087153695869857
0.00036059934560253766
0.0004776579247716196
0.00020099745240856375
0.0007464917121834376
8.773945857308628e-06
0.00018282095178895593
3.839229665954241e-05
0.0006425990266686023
0.0010008777095591905
4.8228747279828735e-05
0.0007192061472103664
0.0014832299334699458
0.0017986248914517104
0.0005587719016454435
0.0005681072337313562
0.00038388833341751325
0.0006042586171997944
0.0007171206111583566
0.0001363462966388345
0.00030166609717455727
0.0006498049729646708
0.0006220585174924598
0.0006325301543086122
0.0004023515877550916
0.0018517094933590307
0.0005251273567438723
0.0007379878720196924
0.0005786075204925547
0.0007717474465641621
0.0019413467150410175
0.00014866497733930607
0.0010796077478152496
0.00013540948219386797
0.00022407489338316519
0.00027701593543583814
0.00011763707887014064
0.00038516825460718844
0.005288022261348673
0.010545621061817228
0.0019163982761468555
0.00023908702032563668
0.00023479166633150165
0.00020474087691816956
0.00011361136651844304
0.002540556707798617
0.00012297505655667034
0.00011851132678866479
0.00014038856946638347
0.0001773681523316163
0.0002746196094080851
0.002387792001776302
0.001832828709902261
0.0005934282020075286
2.7417934891238638e-05
0.002506824965166505
5.5754753105453964e-05
0.0003157422461064933
0.0002554247617349799
0.00010708528557205515
0.0002236854384047298
0.00013644848472109056
0.00016880289056714123
8.044465566091799e-05
0.00019263777478828166
0.00036965490866481946
0.0028669076563278034
0.00020509694125662144
0.00024369048666287102
0.0005406215818608784
0.0008672997013361506
0.0014705763526327393
