fitness
0.0004984550618598424
0.00042794834568156523
0.00046737737639951013
0.0003809070451961464
0.000501596118450069
0.0005029453875565605
0.0004746602501132647
0.0004801462115311356
0.0005406853029018459
0.0004537674285599639
0.0004674522241317334
0.0005205562687709221
0.0004490893304641543
0.0005554654848621311
0.0005180657223383853
0.0004718164715553771
0.00028442674102591007
0.0005036274156621776
0.0003997612749825398
0.0004631678685647877
0.0005179231595046565
0.0005171045957125758
0.00029687104548035596
0.000350033663345548
0.0003163143399042562
0.0003316004168618253
0.00026704406646746004
0.0002829519935526526
0.00030712185957295203
0.0002951680034110666
0.00029552983903010694
0.00025713518335442753
0.0002879466975627078
0.00045154762272787605
0.00030562225973738153
0.0003356266537263491
0.00026395269941306443
0.0002823273657334999
0.00032884771302611277
0.00031609286414113747
0.00026506358812706073
0.0005325755928254821
0.0002171160045766611
0.0002648869368345612
0.00032670405542325993
0.0004462748597737496
0.00047018273166068216
0.00048366272223798995
0.00047686589879917477
0.00040648233544682727
5.843026019614144e-05
4.9143495608193435e-05
5.226220128193514e-05
6.616313619812537e-05
0.000476251685452167
0.0004285343219076938
0.0005192941825316907
0.0004416360093802031
0.0004528286434464635
0.000523424755709908
0.00040822995553929284
0.0003902588958702385
0.00045192269539649717
0.0006077477771165446
0.0004916725936186631
0.0004580568407560254
0.0005570699441564378
0.0004634898207426189
0.0004951173948284402
0.0005309053866504096
0.0005099278930433733
0.00047909372991309664
0.0005116933254166685
0.0005572080679886011
0.0004629105186947504
0.0004924827907500671
0.0006337392564536869
0.0002319292720638444
0.0005152312453960799
0.00015498054428836837
0.00026531549440586506
0.00024565591041712315
0.00045810702775602954
0.0005005273793045355
0.0005468339185937644
0.0004438516157679764
0.0005270637873933604
0.00024799603923690556
0.00025187143413025125
0.00026708162798351346
0.000409571394734056
0.00033705752384249443
0.0003278187275475772
0.0005467814385268367
0.00022881560204261248
0.0002136682294394631
0.00040607954627528033
0.0005014873755855982
0.00039266955096074356
0.0003220639184863165
0.00034793442130872797
0.00036568343137517733
0.00039467324803163826
0.00046290038259803586
0.0003869355798324523
0.0005499761906832118
0.0003954851880709618
0.0004866156493568491
0.0004894885652353899
0.000495885581811178
0.0004586370876780448
0.0005132805298934659
0.0003709209165526491
0.00044999333616821613
0.0005256245667558344
0.0005091625929692259
0.00047946674627912867
0.0005049264327507063
0.0004028551628006101
0.00036364168395442147
0.0004100838417749186
0.00038930243658055405
0.00038469352764455774
0.0003755521062800598
0.0004564006144871885
0.000445619711936728
0.00042875342723111586
0.00047965083128225747
0.00045714391735566644
0.00031893077938626753
0.0004992834773138509
0.00046240433902038406
0.00036133967551357495
0.0004306694319937669
0.0004901318398973478
0.0004331505874700371
0.0004695721290601546
0.00043468309741661416
0.000323351278120935
0.0003450293944941187
0.00038390574962912324
0.00028866248301133126
0.00035202341138710307
0.000447267174051788
0.0003036518385725608
0.0003257928303181318
0.00035723621759429787
0.0002997285483007401
0.0002585310168460373
0.0002614488388644607
0.00028781050202958874
0.00021673720312548613
0.000274863245017717
0.0002189931470299347
0.00030469374157492915
0.00042370447219325694
0.00044358543520159923
0.0004960564311258561
0.0005161164813368014
0.0004420618978436805
0.0006105145989415296
0.00046544034403646546
0.0002755317724225147
0.0004800317625181867
0.00044080110900128
0.0003708311935557271
0.0004196957607147019
0.0004452680952951938
0.0004419802795720842
0.00041951756906828956
0.00033893910986263826
0.00047455406059026373
0.000560301741136994
0.0006190632898704316
0.0006393625999703091
0.0004672694590262166
0.0006721375091604054
0.0005683979609405039
0.0005392741204203383
0.0002904384560905543
0.0005451688645497598
0.0003603882589343758
0.00031252424588626014
0.0003924787033638499
0.0005021881055234554
0.000433420406313765
0.0002194892746211409
0.0002715121871192759
0.00040295476832414456
0.0004138826679076385
0.00048633689481315145
0.00036121572441752544
0.0005122726354850018
0.0004961398038706454
0.0004415000574558382
0.0004672306991004914
0.0005475068305363517
0.00044063480444367294
0.0007116436582789035
0.000742299432992269
