fitness
0.00046589531225521775
0.00050734948049871
0.0004545500627934204
0.0005371925952361233
0.00043844103362633547
0.0003643054203025167
0.00020123166840732307
0.00018971242045831153
0.00032364686342114065
0.00029510212950039066
0.0005542123701545913
0.0004231158493524585
0.001953645813691861
0.0015926872621632158
0.001290817587413424
0.0015254222693952067
0.0020507231060212967
0.0012156385764385653
0.0011878356385073888
0.0011429421256391708
0.0004189785064191463
0.0003804780455541115
0.00018229865585602634
6.717727193919861e-05
5.570861648266993e-05
0.00019060612343219143
0.00015942188479729688
0.0001461063761193233
0.0001774068015197588
0.00037964369251969126
7.980308542678241e-05
7.819452291438665e-05
0.0004790409356865188
0.00016558523599412685
0.00013746001060573987
0.00019171200160578007
0.00016184482901319565
0.00023247267705526516
0.00046299816061626617
0.00010790516656609596
8.029626248259106e-05
0.00033984439452925747
0.00032241332377901826
0.00043723044273124233
0.00044119275717702076
0.00029264840133901834
0.00042875958557223677
0.00032202660012141973
0.0003167016752597999
0.0002946784324729188
0.00021307041980098254
0.0002168120963306168
0.00025111587309671905
0.0002135163580830886
0.0002463234991730297
0.00024139970720801174
0.00023571529842406598
0.0003767878164377506
0.00029821037872473964
0.00031259061485418846
0.0002618001320836604
0.0002963187582912125
0.0003222716811236036
0.00026478626186575443
0.00036515764574643014
0.00037441906264288255
0.0004270543260453961
0.00029414084481316303
0.0003658429039762772
0.00020934031688617038
0.0002747888385817979
0.00015427385440298255
0.0001870797724358603
0.00020223356346355
0.00019284506794685688
0.00025262108828337325
0.0006469300706472694
0.0006298679882496625
0.00025009569613695096
0.0002261706666352765
0.00019585481936500035
0.0003469397534736179
0.0004374289211292581
0.0005443347529565537
0.00016310793219924188
0.00025969825109112965
0.00044800859321677964
0.000340413317199498
0.0005130612528542786
0.0005425400248064101
0.0004920620618666526
0.0004999407220476324
0.0006363833338932871
8.502230029477859e-05
7.484710762930266e-05
8.997952241588948e-05
0.00020072732425815312
0.0002548069050510048
0.00033841071673028816
0.00025258998752281445
0.00027085010148054044
0.0003255358492759477
0.00022655563829293262
0.0001470293118076336
0.00021339704296725745
0.00018947828492780493
0.0001534608702124812
0.0006503383279641394
0.0006048765413148243
0.0005157733439467579
0.0006713506035837507
0.000675931493904227
0.0004421176247248624
0.00043395733714168925
0.0003083096423206072
0.0002548107183136073
0.0001631274256405016
0.00017247201992034764
0.00039726508824691477
0.0004735090857208102
0.000193892644572731
0.00021707043855059025
0.0003056860616219554
7.15315107283173e-05
0.0007110195061726445
0.0003507875222690957
0.0002702906303907456
0.0003789318944920299
0.00039984018691275014
0.0005607147077751539
0.00044576168519551115
0.00029890678529505076
0.00025333869789206036
0.0002305910943421336
0.00018804902946928555
0.00019587419701357948
0.0001890207220780235
0.0001883740616710262
0.00032963040300776575
0.00023695104120170264
0.00023386846803668176
0.0001934396543196521
0.0006374962860714584
0.0005285934041654429
0.00031592307074080256
0.0002913391312016205
0.00026096803424662744
0.0002899904448268958
0.0002834265570660659
0.0002662806053481932
0.0002710596827133637
0.0004793074248227398
0.0005427694366015996
0.0006160708674747868
0.00018606947297849447
0.00045905097349263786
0.000389900074027583
0.0003493423675622454
0.0004268157188149933
0.00037969820827814856
0.0004161990832348982
0.00032471370162284475
0.0003193606851421823
0.0003470810408502979
0.00028857966270595946
0.000401572492876862
0.0004142507961600744
0.0005057752930709252
0.0004438416388137976
0.00017343860951022185
0.00023076486139471302
0.00027597584739293417
0.0001998486017379321
0.00016964259790299102
0.0011792123637751287
0.0003536681283890817
0.0002820679200517341
0.0003477032543801639
0.0004968268716666418
0.0003362541557242566
0.0003803603405848321
0.0004187950217759722
0.00043752054041910416
0.00023817767841512497
0.00023496678452348304
0.0002502511297988987
0.00024009468479480975
0.00027277679960901704
0.0017551585684351823
0.0016507484828259757
0.00044618867885784746
0.0003882295614892486
0.0019709282152586085
0.0005743495599115128
0.0005428943509875056
0.000434922242402592
0.0005323257428402093
0.0003614919432039109
0.0003423232891291879
0.0007104230672816013
