fitness
0.00038740515129381125
0.0005436997199388371
0.0004873349060941875
0.0004129353043657066
5.059409412392772e-05
0.00028487785598536685
0.0002240131157793117
0.00018660667951529483
0.00019301320243813404
0.0001889898061016471
0.0002883889278052354
0.00020114304535170498
0.00017117141019408182
0.0002399194269245421
0.00028263282920540416
0.0002241585842901032
0.0002188448191696813
0.00017930360466347797
0.0006488164786945253
0.00019903013346977017
0.0004179705398537929
0.0006552537427618981
0.00041012215484312055
0.0004510148315295309
0.00016878395269898585
0.0002127266144401166
0.0002005621453836699
0.0005426004798366429
0.0006539355618201852
0.000540832537359563
0.0004074537985588543
0.00035189807906005046
0.0003762248683805768
0.00047396180717482867
0.0005320022293950136
0.0003989983802334628
7.751899869995531e-05
6.820811162137979e-05
0.0004097898728045902
0.0002247031500428745
0.00032549830502640937
0.0003945426091908283
7.34673894587612e-05
8.071728943440339e-05
0.00024503372098162664
0.00040826604500853955
0.0003851005524929641
0.0003214451201414118
0.00019621857736448525
0.00021479852609667318
0.00022307730094896764
0.00020610099132074426
0.0002768052611924521
0.00025366748070202393
0.00026904108724675895
0.00045440332083044677
0.00021051534195868878
0.00022107516203903453
0.00016650474757133913
0.0003907004817981557
0.0004917804662269629
0.0003829851434902099
0.00043822938405234965
0.00013564906297682173
0.00024925227579135166
0.0002617633078873615
0.0002784202115949871
0.00018954903978974646
0.00016541992769714277
0.00032861108580086
0.0005292362187993632
0.000896558270530515
0.0009658405421398072
0.0005360645994751296
0.0004883544954943429
0.0005870313553247426
0.00046209150551318495
0.0005601165389370898
0.0005441526624641491
0.00048682066563280306
0.0003407911559731813
0.0003407059635774885
0.00033762846073853063
0.00022861992283546083
0.0001985024494568576
0.0002242024844130472
0.00018974116320788834
0.0002059497376826707
0.0001959854928435254
0.00012924178779536588
0.00017738204208699065
0.00021537124414933143
0.0002582068380836981
0.00021787180109025236
0.00039021329576468335
0.001450327909282583
0.0003391376713780602
0.0003200174146769256
0.0004012105281395183
0.000402107334049526
0.00040773547333451275
0.0004043350931067049
0.0003149351890382155
0.00029941061292286834
0.0005357500821640213
0.0004597954530461999
8.715322047073417e-05
0.0003496563666436976
0.00031380341386766234
0.00032259616576771707
0.0010951361246639227
0.00034367734731376815
0.0008292967780664701
0.00020719842921304043
0.0006786264799591555
0.0010562569909725226
0.0005513862885077154
0.00022337897475244357
0.0005820698806106871
0.000595153353019194
0.00019538662473220458
0.0006105982700395871
0.0007200438901541662
0.0007648275418196151
0.0007136562295505438
0.00034459107503668584
0.00022671303346117054
0.0002347893479077655
0.00020235704379876614
0.0007373594197572504
0.00018548281863957326
0.00028078640838026563
0.0002499896156616143
0.0001267207056875967
0.0002120365422377123
0.00021575874780889337
0.00022306157903582424
0.0003359776513256956
0.0017837009135361636
0.0009839757175756096
0.0019168809245620564
0.000589590394661769
0.0015474839732103405
0.00014833038656923537
0.00020538252091579213
0.00017298154726547174
0.0002858769781995887
0.0003217741849652661
0.0003528735249007589
0.0005603736751852681
0.0005498076773666793
0.00046668336930155507
0.0005685055823504547
0.0008207920024272127
0.0006685160404578666
0.0007239022305795284
0.0005345533099953697
0.0005617933248209108
0.0009173144817779534
0.0016079990340960957
0.0020275868440645254
0.002105308403596835
0.0007378264613512398
0.000609869655985632
0.003369905943125581
0.0031990224563326983
0.0016894663774375083
0.0003900625339332138
0.0014817312698157793
0.00040713893428742697
0.000497082091415525
0.00045848312609490045
4.066406384541622e-05
4.5391178612984964e-05
4.4872037321644866e-05
4.661371606791937e-05
5.5417754840822655e-05
0.0001355366409828891
4.076930761134171e-05
4.205367950048305e-05
0.00013711853399041011
5.7193802815003996e-05
0.0006272042537559716
0.00048558050763383123
0.0006353457929133009
0.0028074915408018517
0.002707449963334161
0.001456623335654697
5.399298802056215e-05
0.000522944006061012
0.0005641031544824479
9.123687962343224e-05
9.073773848384784e-05
0.00011149886876481251
0.0010907782375977472
0.001019290604546586
0.0001262445999983451
0.00020239385799903427
0.0010305769518077826
0.001601713126366203
