fitness
0.0004949639256069208
0.0005375603920472368
0.0005119213255821962
0.0004690902478489507
0.00045832375453422184
3.338173507233856e-05
2.6354906568002243e-05
2.737266251350783e-05
2.7248582399168514e-05
2.5924431401059177e-05
3.3848945277550407e-05
3.234899920976586e-05
0.0005799531052127371
0.0005013476092931877
0.0005510866423133985
0.0012506084443130916
0.0011027753665057796
0.0009495004584416097
0.0004032103935963119
0.00038435076422366725
0.0005251650008725804
0.00043880979455304653
0.0004801054487294503
0.0004083179888957664
0.0004994189640504038
0.00043649575515631797
0.00038817394260516966
0.0004722024908029619
0.00019546872719044625
0.00020428441894791642
0.00047952762493875005
0.0004677194332504714
0.0005852876288244697
0.0005518784628048108
0.0008408981717883437
0.0008777243445344441
0.00044758337236220014
0.0003969228625707501
0.002907165751666522
0.0029661597692506553
0.0026483375625899258
0.0009123821053763911
0.0011876675232455548
0.001002691838269952
0.0001496620438450284
0.00010204855816041164
0.0001363156533594273
0.0001882046925179631
8.19997059509162e-05
0.00011547628016136296
0.00013129020650423
0.0001430719307115744
2.7763246493733487e-05
0.0004025585193501699
0.0002611417274486198
0.0003081231815719467
0.0001998604009439903
0.0002721107031150471
8.072615906661028e-05
3.883176091982577e-05
3.769263844442152e-05
5.191363542348752e-05
0.00016635735519731232
0.00012787033430534302
0.00019641770512449753
0.00012096567669501464
0.00012931181933312054
0.0001426049025805279
0.0001555002743653538
0.0001563929796946181
0.00013421815559250085
0.00013306441841844262
0.0001500046531956525
0.0001255433410773161
0.00024978971349194
0.0002535694714580934
0.00025604127440935655
4.3570847237659815e-05
0.00021983089990198023
0.00020045384376332054
0.000187614081827383
0.0004844829794636038
0.0004103930836958756
0.0010761340884611731
0.0004677890215150223
0.0012699516871809318
5.997920105179199e-06
3.934798066713228e-05
3.1793728122921526e-05
2.8162137994864832e-05
2.9654610135144452e-05
2.4509785339964886e-05
0.00014053938258333084
0.0001498024286089065
0.00011226935536790804
0.0014124217827650174
4.208138972701155e-05
6.7464396707026185e-06
7.110294658497781e-06
5.781070465337097e-06
6.793448310409524e-06
0.00034625623477020753
0.00045289775919304286
0.00046180667246381753
0.0002328115206911768
0.00028175731651161297
0.00020336347051384883
0.00021348469856114958
0.00015376379280672818
0.0002016294981069973
9.756443792335699e-05
0.00015808438041247072
7.9789643214969e-05
8.792422714425912e-05
0.00022357650067327464
0.00011066107027487497
0.0002328729492243707
0.00019404142382143587
0.00018485084499863635
3.206351046049965e-05
0.00039623493051214924
0.0006331956119866744
0.0005692744389560052
0.0006032931420925516
6.291527028317182e-05
9.936477059843437e-05
2.376062402368094e-05
2.7229779347276902e-05
2.9976929159804055e-05
2.087909140748417e-05
2.1567828493476035e-05
2.4436765283534274e-05
2.996894333989367e-05
0.00020064056195215002
0.00019313844887278237
0.00026977618852832663
0.00017185556737471893
0.00022719610589825957
0.00021812194074442815
0.00023768958006172025
6.899447158080668e-06
7.889482463930496e-06
8.213225050197056e-06
0.0018125424185180831
0.0017605194904152337
0.0016301782129967022
9.664859736767991e-05
0.00011850839217088046
0.00013079160468386906
0.000177666042615069
0.00020934586351062045
0.0011917591640641769
9.027443725728829e-05
0.00010486955049448396
0.00013302348200758523
9.573069950049726e-05
4.15873955047815e-05
3.78290861461068e-05
0.0001613990776150318
0.00018348256005555247
0.00029871141053248936
0.0005564147961296008
0.0005326179304005734
0.00045986757125361807
0.0004327312755239754
0.0005857178260399747
0.00042064680253411414
0.0005990220699270917
0.00030193183127405346
0.00048792671016063507
0.0004590779449388506
0.0001892747917984442
0.00010927381147845549
0.0001725582440635491
0.0003006909668386563
0.00023297369166244263
0.000208728048714902
0.00024514452582886264
0.00017881524974489455
0.00014686614921654063
0.00011429786660660356
0.00015584466638339327
0.000142656277258013
0.00014215016130211092
0.00025355576585436526
0.00029734568782614914
0.0003447423192007433
0.0008260247900698781
0.000687388908164563
0.0006054701097792161
0.0005718563679736611
0.000591875640854165
0.0005215596209844074
0.0005199108880849337
0.0005794752469375445
0.0005776213291542944
0.0002741007406171975
0.00024873383484398014
0.00022587576341924972
0.0003440409053858637
