fitness
0.0004536331785976197
0.00044198964338168533
0.0004196286483051155
0.0005159968596581239
0.00041007134283272756
0.0004289748326473092
0.0004648907428728968
0.000542084264683372
0.00042992346399030844
0.0005064448193082171
0.0004664307307897585
0.00044674497721126975
0.0005602961125749143
0.0004689436708892076
0.0004811395175018632
0.0005242619763655675
0.0005492956770602719
0.00047051801689710525
0.0004598839866731391
0.000536277828968803
0.0004602696202513861
0.0004592515359811659
0.0005216599319999304
0.0004874923677924804
0.0004745945064427842
0.000466048793405168
0.00040229530118423326
0.0004934433296895599
0.000438362116180377
0.0005509302102506899
0.0004810414483935622
0.00047469633663582554
0.0005400580758580318
0.00044272938473058284
0.00044328505221245297
0.0004495585013763316
0.00043783858736314225
0.0004641629333379507
0.0006577417431574068
0.000571426665836564
0.0005734624640252
0.0006182860699506034
0.0005215962627674184
0.0004671111212546244
0.000174319454393055
0.0002347102909031884
0.00033784246813153965
0.0003647066393925101
0.0004597108397763381
0.000410519902921077
0.00038642554630982
0.00030014118302794065
0.00040835904849053815
0.000377958297411511
0.0004654911196132503
0.0003075139139373682
0.000347918735679545
0.0003558401748710249
0.0004045313275218202
0.000289578920614387
0.00048158313069163926
0.0004971748224038922
0.0003778392397306991
0.00032061563498695706
0.0005674925998603792
0.0005064710572588939
0.0003754430094174326
0.0004975675537088182
0.0004185547863924423
0.0005611554462390577
0.00045199423578574905
0.00043567498984348766
0.0005511138716138815
0.0004453346023098393
0.0005152802175003358
0.0003626186105751262
0.0005049778234397747
0.0004378673803050085
0.0004329887057846517
0.00041494732679502234
0.0004214963395123821
0.0003560274725857247
0.0004169239368536669
0.000469103462385643
0.0004040717613439533
0.0005682979801003993
0.000409255308952141
0.0004718762931624668
0.0004859831730105902
0.0004741222786985811
0.0004932781776391255
0.0004918719937162312
0.00048466833347368167
0.00045581532388436755
0.0005273800812868283
0.000490211906121862
0.0004241409707022276
0.0004731068310368292
0.00047602769087360335
0.0004338979673186396
0.0004890704396051476
0.0004475956465648751
0.0005079024830257266
0.0004764752616175059
0.000477818121910129
0.00044839437700112993
0.00040895136935147416
0.0005338254152068626
0.0006292544980810212
0.00048510076443204514
0.0005447879644283711
0.0004638243813318694
0.0006437605307538244
0.0005596652364622532
0.0005575803937732783
0.00048378984548654936
0.0004779282509059301
0.0005774426295610855
0.00047176147650794704
0.000391535059166904
0.00047578835372901775
0.00047582909205354934
0.0004981736160661485
0.0004925685405495665
0.000521782555862107
0.0005304576924862137
0.0005364427098412
0.0003650511507049742
0.0005891605015604501
0.00055976994076842
0.00045504249988543856
0.0005110599993211651
0.0005263027752197819
0.0005413939242558292
0.0005177906899249199
0.0004993738006089405
0.00043401266028844046
0.0004816341462674679
0.000480046658104104
0.0005477496203127679
0.00047919942133473086
0.0004817840848490468
0.0004666915764705175
0.0004937769755066694
0.0005101033701004461
0.0004884785981610686
0.0005971528716795166
0.00038792579428656074
0.0004367224780615049
0.0004644659004308508
0.0005190680625777395
0.0005724966074982328
0.0004875342988922209
0.0005264510929774492
0.0003686083891718391
0.0004937636255644011
0.0003529928205161515
0.00032633034880555193
0.0004359166555749631
0.0004486133690534803
0.00043894298404369175
0.0004372800212640232
0.00044253666650406694
0.000489189903668626
0.0005462408092667493
0.0005346842433120404
0.0005669602095547351
0.0004906897419982839
0.0004930556668252192
0.0005676834590907615
0.000488755487161087
0.0004489425036231462
0.0004374684152467238
0.00043323287686549837
0.0005188093793356156
0.00045904705787774277
0.0004976732426331895
0.0005017910004591991
0.0004389115208893245
0.0003383160118814191
0.0003506558366677353
0.00032654747632667537
0.00033831377165681714
0.00028764621262021437
0.0004972282135603894
0.000427770573941929
0.0005358231366951202
0.00048823569510295746
0.00040208699569049936
0.00026885410867843546
0.0005454371685854882
0.0002437531375228687
0.0002518101871951032
0.000460825329469302
0.00043646084313476096
0.0003896118721423416
0.0005354213583913224
0.0005041870375371692
0.0005331550003469646
0.00026676570630968714
