fitness
0.00048567795536197373
0.0004999480599211839
0.0004678519199790058
0.0006037045906189858
0.0005554189093898848
0.00044611785585476986
0.0006210906886904676
0.0005572369432319098
0.0005497104009280218
0.00014221643493082518
0.00015730590567969443
0.00012385010873685923
6.757602714315467e-05
5.6068888089868524e-05
5.221227244293133e-05
4.3371464555140716e-05
0.00038818732320852826
0.000561524534920212
4.2622601908919584e-05
0.00012492478616311383
0.0001996473720769145
0.0007407859729361554
0.0005281206195432461
0.0002033662445978372
0.00021615557958381109
0.0002521734057416931
0.00015309064268290303
0.0001718313235228083
0.00022686316925545316
0.0006071720509082749
0.0005124242288244201
0.00043801031352380725
0.00017531160497082044
0.0001416604941830115
0.0001565166627010112
0.00017580712850773843
0.000532945035711139
0.0005088080135365833
0.00018336372589268545
0.00017997046796094045
0.0004631712455855419
0.0005503742738917504
0.000640895103146843
0.0005459681497322246
0.0006165311145646685
0.0007209974647648388
0.0003574452673372812
0.0005443003243572174
0.00045400753832353124
0.0005078828855936319
0.0003505496979691994
0.0004447133566840915
0.00043969717135160095
0.000603558159341899
0.0006510204502807828
0.0004895633510707314
0.00010832845503065259
0.0008720100938537502
0.0007589280215107978
8.135100650600179e-05
1.719876457320253e-05
1.7931281994051494e-05
0.0016029472994272542
0.0018199393194051083
0.0017741829774083249
0.0014219896568909841
0.001395826617661207
0.0002976236734189543
0.0008284445234001364
0.0006001645720234373
0.000246529061180973
0.00015638792565602665
0.0004034481170655185
0.00019391604273974767
0.0002122656613393752
0.0003026008343195645
0.0002841531055707923
0.0002187240644592532
0.00023854321742449925
0.0002027652407463548
0.0002351909641461897
0.00035489203826883286
0.00045452230781488655
0.0004125395989122845
0.00042900842903806287
0.0004334621644316331
0.0006284664812257843
0.0005590572194977214
0.000471961566555778
0.0007071346854035037
0.0004809303364273042
0.0006483976910757989
0.0005180051800006434
0.0005485045263657395
0.0005077442142872641
0.000538208520222213
0.0005341800526182997
0.00044608073767639
0.0006325012777589746
0.0006451638083052808
0.0007648810132408046
0.0005108290921333921
0.0007680148599244751
0.0007667217670576592
0.000817307046635738
0.0007986456588554876
0.0008071806877963401
0.00031871057347356837
0.0005161460516912323
0.0004246853808349412
0.0003964431113065269
0.0009001410747973478
0.0011363494442428862
0.00025001224642026075
0.00047623474087034545
0.0009648267653448618
0.0010543228666690517
0.0013705259663836403
0.0009317180762340098
0.0010637675769523984
0.0005339786591503476
0.0007432650231752597
0.0007906584151630793
0.00026634957881035976
0.00023695644519930646
0.0007474167826249855
0.00021412422269312297
0.00026160228628428837
0.0002749219391559898
0.0001907023626523646
0.00019229923169363625
0.00046066507676173295
0.0004943148942850863
0.0004895385335061573
0.0006630943685161721
9.858259257765327e-05
0.00010722034736104887
0.00014377671409356951
0.0005932586770767647
0.00038662940665573495
0.0004190208016021156
0.0002829983556745493
0.0002805529192410581
0.00023841532229007775
0.0011604014120264908
0.0004395066020166158
0.0006448657630879225
0.0005220886657929769
0.0009650146590496518
0.0007916833541776904
0.0002523466991674936
0.0015962836344206686
0.0014585151877813843
0.00014268592474330863
0.00011740701641547865
0.00010559886224490648
0.00011779600272083375
0.00012922948020916577
0.000498626362553017
0.00014168540547192227
0.00014850414922310196
0.00014132630520950545
0.00012747575681013737
0.00013742367417320784
6.694957059164771e-05
0.00012130689724382918
0.00023628281231952494
0.00028202923774030167
0.00024523224355713904
0.00021895125500136377
0.00039055279802971583
0.0005992665698413772
0.0007987277020179602
0.0007345793791201272
0.00011261352427925055
0.0001290670179020126
0.00011606378699849917
0.0006839971128844327
0.0007115186961186059
8.992375951375975e-05
0.00025713159615312075
6.777402141792344e-05
7.885754429753156e-05
0.0008044803928254785
6.846250173265116e-06
0.0007274139906850599
6.649827080591657e-06
8.106367237888677e-06
7.255481946161095e-06
9.503871887200306e-05
6.270581059937913e-06
0.001477621514300787
0.0013250814682412519
0.001023381874720873
0.0011737257324974735
0.00017934699743122292
0.0002574515962875834
0.00035977415831579167
0.000260101185038368
0.00030468755588634265
