fitness
0.0005047738135033087
0.0005359550142680417
0.0005425057107904275
0.0005154067793544479
0.0003769579575577169
0.0004513095253764672
0.00041816392049686134
0.0004583773678476279
0.0005403743140726421
0.00044748289286815004
0.0005096722497215136
0.00041771532463363257
0.00037744682328399196
0.0003322377920108768
0.0005112752686191819
0.0004390844462732544
0.00040946463624567383
0.0004766119296989744
0.00044623412550436184
0.0004247333550908211
0.0007484448040388598
0.00042396053464183626
0.0005125688599886554
0.0006312178706550549
0.0005762271771209749
0.0005739190465762664
0.0005125452849215993
0.0006136541680794201
0.001084370616486496
0.00047347518004548666
0.0009664294965345706
0.0004597495047937769
0.0005765509681950865
0.0004930638928084082
0.0006348243411860934
0.0004759907397160381
0.0005062427665477924
0.00046244947839210867
0.0005289195277036105
0.0004744909709155444
0.0004578451359293108
0.0004820361993101591
0.0005077148044713215
0.0004798088935726118
0.0005257527778168034
0.0005608131639896252
0.0006015406138185214
0.00041557345007076053
0.0004771222355819726
0.00044998022437016887
0.0004705901308664461
0.00046111980899312164
0.0005570809987844107
0.00047600525521191117
0.0006593617546631183
0.0006284852807043646
0.0006294617834709373
0.0006762958145789587
0.0005890100200394073
0.0005376002256665982
0.00048487197474726343
0.000868131701633098
0.0004365754999583994
0.0004711069813816263
0.0006086485619185543
0.0006963736362474222
0.0005372247102444091
0.0006461199661303298
0.0004530725462323916
0.0005904534089601319
0.0003054616322837921
0.0006430520446114141
0.00027718548840111344
0.0005384354124720924
0.0004060265809175132
0.00039285250584189296
0.000701545892383954
0.0008521863425096241
0.0009358265915383186
0.0008263694633624797
0.0007309861868694421
0.0007608817320757208
0.0006771554105169626
0.0008521762110630901
0.0006601208176742084
0.000644518175290512
0.00037915236865662953
0.00034296308523735635
0.0006489920047128951
0.0010512682237428918
0.00034825785646628037
0.0002551154883050614
0.00027866889991672353
0.0003959157349233715
0.0005116367939373076
0.0004068564334485156
0.0005314358655775475
0.0005394450744028562
0.0004507835319838241
0.00047274958322049236
0.0004967994096109349
0.0003981501244982991
0.0004974127951923363
0.0006292055671675623
0.0005010471982869488
0.00029493306320175746
0.0002952898846997341
0.0002744742456054537
0.00027317399752555617
0.0004485973581991931
0.00038646598848711134
0.0002263886753657483
0.00028360615512014556
0.00031552903150577926
0.00030730991981813385
0.00047560220354322355
0.00044265777929794687
0.00032296818033204273
0.0002513417823383411
0.0005018557261481276
0.0002913007966302339
0.0004103626934508614
0.0006074704716829886
0.0005082688397128099
0.0005546941624732279
0.00028231186245734967
0.0002885427567878099
0.00025103509193686436
0.0002992993024305408
0.0005312007898716807
0.00046981061409891254
0.00030345446029544606
0.0003080243074197777
0.0005333244310014769
0.000714711412081734
0.00028016459128683727
0.00030061699934013806
0.0005078848617713372
0.00041519848629674184
0.0004612359340629446
0.0004598474103271372
0.0005229459581114139
0.00047754247943798716
0.00027449254950811033
0.0004530575796046237
0.0002481302927100333
0.0002678236143224327
0.00031355671062237425
0.00046918270232045614
0.0004213511649495416
0.0005460786681850966
0.0005308923509309803
0.00044326338799655253
0.0004634769835043475
0.00022612465455830515
0.0005170375429327263
0.0002876711341107108
0.00022358048817777427
0.00022469240826814439
0.0002681909103706783
0.00041435675209354516
0.0005868693363535148
0.0005575585378358831
0.00044641223415299705
0.0002599224403008584
0.00051861995095973
0.00023478662800539293
0.0002648887163359611
0.00019586130275561252
0.00018554435960290333
0.00021539121914103927
0.0004950657822585606
0.00045089533568767697
0.00050349464120624
0.00045369016978671786
0.0005209184531143495
0.00037407808688617595
0.0005070463416599156
0.0004929126636773362
0.00031813247542560096
0.000253489220384921
0.0003634660715820544
0.0004942159011455585
0.0003151756728963268
0.0005686189694817476
0.0007430530969361169
0.000515927393849291
0.0005034201229437867
0.0003660466569239085
0.0005054555613384726
0.0003852472758307719
0.0005431457690951017
0.00033681976648281296
0.0005799059908059333
0.0004967807826178213
0.0004483653784788105
0.0005333206181839929
0.00020544438598245983
0.00019654791588132064
0.00017289194977514698
