fitness
0.0004603033292686697
0.0005619996928592359
0.0004017305035336241
0.0003345328124883644
0.0003632413060199333
0.00044159192320696456
0.0006013354327011474
0.0005326782639768732
0.0005078659168502755
0.0005120757903577219
0.0004104760570213902
0.0003820292232321984
0.0005144246427652697
0.0003928395167589247
0.0003564697086954083
0.0007260108818350652
0.00030204924012331585
0.00028027262514701746
0.0005995529694137708
0.0003631209013740205
0.00040645302062596473
0.0006024484062761671
0.000218400072074833
0.00037840692481999134
0.00040181013667140873
0.0003885829617997849
0.00041667690658439566
0.000607695929871946
0.000603025176090086
0.0002985142849358619
0.0004608523812305509
0.0005635193969594776
0.0006366488478811248
0.00035496066764887025
0.0003071520340097546
0.000278050254450028
0.00028505957286762345
0.0003649207337002689
0.00048732367219169614
0.0004797323619640183
0.00043390672220032956
0.0005777920761473048
0.0005103299570814005
0.0006974663939259398
0.000594461857976019
0.0005544271192729944
0.00030065990747810617
0.0003849156243499039
0.00037348131670354896
0.00038242259857285046
0.0005265363944582061
0.0005968385918650927
0.0005528463915644867
0.00044678521951400994
0.00046851352637245056
0.0004165379135613472
0.00038901697349161436
0.0003279667617856512
0.00044125580138866836
0.0006187254325494422
0.0005653921018514593
0.0003802597972950959
0.0005952860869123731
0.0004241456433732328
0.0004402715443057517
0.00036555228254078927
0.0004623090925105322
0.0004321645084120948
0.00027220626614557746
0.00034171651024159344
0.00039495569087100857
0.000633074652649184
0.000691805071125889
0.00044138768317004414
0.00030203459516205464
0.000483426750968698
0.0004555157424088757
0.0004436722659032356
0.0009072933013897536
0.0005175174574526798
0.00036109353163945993
0.0006617963861189901
0.0006499055552985618
0.0005183023527989699
0.0003747033909924838
0.0005024687545038179
0.0004089343492319797
0.00043288076200109093
0.0003313677484085687
0.00031250799531459583
0.00029163165575684313
0.0004397159626104401
0.0004985841672706309
0.00054194338536817
0.0004651382860805108
0.0005713958731881797
0.0005448245923469277
0.00043060425963744995
0.0004255147541087277
0.0003790642706231269
0.0006649781712189659
0.00047203618602674035
0.0007172982635247644
0.00031892849282964597
0.00047786730007462697
0.0004204729020937744
0.0006132613284700034
0.0004865855815850564
0.0005077729088255583
0.000729023023351002
0.00049303428220151
0.00026938346484762203
0.0005007630967296968
0.0004000828497513851
0.0003778353331209411
0.0005163725046356342
0.00043949616947843817
0.0004970737835006087
0.0007433026823751385
0.0003577832524250974
0.0004001448048953988
0.0005870636449365401
0.0005008419506484437
0.0005300162246779521
0.000481169193122353
0.0004513269112065208
0.00046404812088726304
0.0005577429540147586
0.0006004902859994732
0.0005828444462752193
0.0005350920226985057
0.00040052654018913394
0.0003382449460137703
0.0005069860627641102
0.000590317593682122
0.000373073401045879
0.00060715006735846
0.0005686852557734909
0.0005008989272151887
0.00035673052074186975
0.000441593102448482
0.000337256423211586
0.00038851843360184006
0.00046022319369249466
0.0004978706717314559
0.0008158463243788584
0.0004673030296626653
0.0004153962041999668
0.0005420525147299771
0.0006429058266316547
0.0005452506600906027
0.00032647237617435893
0.0006552607798458865
0.000440194974623319
0.0004969094910523333
0.0005408421087787018
0.00035245494636659846
0.00041101359370556984
0.0003111403013062696
0.0008639374134292717
0.0005946731457206425
0.0004660176531572266
0.00042682965452332566
0.00044449911110657674
0.0004594476631531781
0.0003480719940448815
0.0005433332044951891
0.0004962441839634771
0.0006133848442021729
0.00035460480846964383
0.00045673124782043295
0.00036782981098061905
0.0005915471203083704
0.0007353586329814057
0.0004676933593995966
0.0005941523495528771
0.0005717924140522249
0.00043256457780632484
0.00036381628734708394
0.0007293953935137899
0.000404914858878688
0.00038973888699448024
0.0004275143920132033
0.0005782809905124979
0.000469886758618638
0.0004402442771293188
0.0004304102342160762
0.0004717986948269847
0.00030211464850612676
0.0005605782182000308
0.0003158405915230566
0.0004145872222433632
0.0005039599322507226
0.0003815654283430011
0.0004072660761115733
0.0004066662328647536
0.00036835021007174736
0.0006260291231093969
0.000433563837209282
0.0004392999235873418
