fitness
0.0004982383976230877
0.0005083035710744567
0.0006302074338901808
0.0008829797649561552
0.00048395234537188843
0.0003939981420827975
0.0005055157512550977
0.0005353373546891294
0.0006498921942614425
0.0003690173520243127
0.000596171304032022
0.00035460747620711915
0.0006809559094189638
0.0007106954699202416
0.0005752910638993177
0.00023327721168980828
0.0007099182012856501
0.0004346769500194058
0.00047475044704445107
0.0004719140890060656
0.00047969671222681756
0.00036672662154451377
0.00046269324044526593
0.0005997963882586801
0.0006237488160147169
0.000563295428453132
0.0005141721133650517
0.0005358697984194493
0.0003607952107200176
0.000512481609338998
0.0006329197933221616
0.000607001007633769
0.00033255963355778806
0.00037397194531771036
0.0006779126860721891
0.0004250693324392644
0.0003838172313477905
0.0005789874583304988
0.0004728450475767132
0.0005305477207018597
0.0003280175262292246
0.0004070741390890463
0.0006220667717466428
0.00048635619217333824
0.0004861784505979876
0.000500158664214732
0.0004976912442384878
0.00043928524185401894
0.0006237385503139322
0.0004914109245809851
0.0006286802922941029
0.000397927656460489
0.0003586479190673421
0.0004965523971437329
0.00029572843028082967
0.0003435511195821149
0.0004028973663502581
0.000303108373389536
0.00034522702432636057
0.00043672162113560296
0.0005422894807552246
0.00038331040745620483
0.0005498187907153273
0.0005576616767968437
0.0005996559013246845
0.0004118718228119024
0.0005029911488233711
0.0004862609838614389
0.0002801664530088473
0.0005566594475942854
0.0005001580644193696
0.0006184793339676931
0.00036425923019396683
0.0004844662402721586
0.0003231900474069222
0.0005915377234671632
0.0005309221217675727
0.0007249544364896223
0.00041108627756018253
0.00036212329563502834
0.0005296607696050172
0.0004132716638777251
0.0003204343135507363
0.0005198348434077103
0.0004641732699593752
0.0003917319060833143
0.0003682241147901148
0.00036049209906173225
0.0003895602663174422
0.0003634295308401978
0.0004122725858138315
0.0003456247573051925
0.0006286806207832021
0.0004920317535982014
0.0003547519451017468
0.0004657609535616144
0.000408683066441054
0.00031986214289475584
0.0006158047546523104
0.0005564113477478794
0.0004126486412686917
0.00039873279645421487
0.0006743547768526022
0.00041189764419429626
0.0006195331407214617
0.00038806816385669935
0.0004528337304587722
0.00044117050006143145
0.0003353520673873326
0.00037991789217295483
0.0005205791441814866
0.0002587304258617937
0.00032480753257846135
0.00039414933894122876
0.0006751284252158029
0.00045150999389934754
0.0003216119530468034
0.00032164433285901525
0.00040278174666892374
0.0004817849159644812
0.0004892762758579119
0.0005497639112822288
0.00038720230246644556
0.0005305172292422688
0.0004167105651565141
0.0005271900108173891
0.0007222250312265654
0.0002433959901229203
0.00044896090878389046
0.0007136038941342188
0.0005382170743505375
0.0006548322229963392
0.0005698904028634633
0.000674703525347111
0.000475074668950691
0.000411417105660402
0.0005364668431466013
0.0003561165097310791
0.0004419660534629018
0.0006943781015745905
0.0005637934451432171
0.00032458485701781934
0.00040812208059178755
0.0004816333151204665
0.0005631702571598044
0.0006514964636729557
0.0004795554970387295
0.0006118435375133489
0.0005900831740337845
0.0007014952662016836
0.0006054416623604395
0.0002486320638626734
0.0005706633831266799
0.0006875949251279066
0.0004489171070755616
0.0005447689242970847
0.00031117942735210224
0.0003626032095303113
0.0006365708743197478
0.0005939196639234968
0.000518574794550297
0.0006994676085760381
0.0005600381086890282
0.0005177936000628803
0.0005203404689582532
0.00036279098743620663
0.0004037614358393865
0.000577942450206356
0.00042172138751318176
0.00039468987519884443
0.000533279611605319
0.0004119412713594248
0.0004915921370801184
0.00044661333133997076
0.0005463826040300524
0.0004887601363681115
0.000790079431361053
0.0004339493367449749
0.0005221134692388479
0.0005444842228789759
0.0005793759170021765
0.0002880271598207567
0.0006285285179508657
0.00041961518758402267
0.000654744867323621
0.0004686454795539153
0.0004160515868073123
0.0005751486807543796
0.0005095266638958373
0.0003978959771038915
0.0005073641021717735
0.0005325956638831634
0.0006419862128892529
0.0006511394033161335
0.00047013564833390045
0.0006093320198239316
0.00036225183886621744
0.0003873535538722533
0.0005110382895022456
0.00040736815315634375
