fitness
0.0007641859388824279
0.00017489883763832274
0.0002199410890352666
0.00026000087229862795
0.000559191957972225
0.00022724304471021108
0.0007180323967804586
0.00029523776481203007
8.33270606143501e-05
3.437348294552293e-05
1.6546604270607185e-05
0.00021601815187596832
0.0002238300883357462
7.977759999971784e-05
5.687925252891992e-05
4.1051192231770904e-05
8.573931394094819e-05
0.0003879028320619883
0.0003685370746851243
0.00040655592520186327
0.00019310025968175738
0.0013780396860291273
5.669423617463435e-05
0.0019949253816002465
0.00030030384332423957
7.283083801268601e-05
2.2492182490505286e-05
5.8719445919651124e-05
0.00042523882510412265
0.00033251796369559875
0.00020837038652474717
0.00016209401114774597
8.439026769061185e-05
7.570188111237903e-05
9.953516150062547e-05
3.308929181673214e-05
0.00014195795029540705
0.00010248313181729756
0.0001304095200882497
0.00013097498470320465
0.00010297599129586044
0.00011498609172030931
1.3917865126088158e-05
6.279510719633365e-05
5.044907825670226e-05
0.00013662703416860672
8.546177443141089e-05
7.696493411182167e-05
0.00016691986875349578
2.0022150521472527e-05
3.937314119495409e-05
0.00017490304536550212
0.00011010768680682832
3.965760790977648e-05
5.754206375318439e-05
0.00011418773232101447
3.9768567259565956e-05
0.00027184396615870157
0.00014226853035087652
0.0001132370763973032
3.328727039669279e-05
6.920685591733968e-05
1.5905704297994522e-05
5.476759298909409e-05
3.584316056293114e-05
0.0002174139830198937
7.418461511005384e-05
7.662927973331574e-05
6.135849842564493e-05
0.00011449684536069194
0.00017314954312475428
0.00027666264973341535
0.0003187878033111932
0.0002574217270106216
0.0009150507932127057
0.0006269469042740629
0.0008418618454128908
0.0002621684577536165
0.00024458107612791496
0.0002499508320580551
0.00014011207321746883
0.00037755499667454953
0.00027083864574810454
0.00048769832872189335
2.294885654845365e-05
7.743911447074311e-05
3.85333644196842e-05
8.394093474395322e-05
6.923125165575066e-05
2.0568331669411936e-05
6.396244850281568e-05
6.950373317944487e-05
5.211956174914551e-05
7.287637297407335e-05
4.3275880115495655e-05
7.675462744845836e-05
1.752382696887076e-05
0.0014377224835915644
0.00038483951003781547
0.0008145057631560974
0.0006737559904940224
7.641547378824835e-05
3.681793763823257e-05
0.0002326699132592453
3.834035836923434e-05
4.779065897001464e-05
6.248620230424208e-05
8.18093175391386e-06
2.1664504634207855e-05
2.0250279723908347e-05
0.00022534428013733015
0.0005939762694800555
0.0001569191537490646
0.00027204308495798756
0.00024150007553667033
2.0139540559447405e-05
0.0008693810094086382
0.003647796129704368
0.004950179531031661
0.0001078271137426664
3.4564315887239255e-05
0.0005532455453285024
0.0010845299988113503
0.002061657584507064
0.00010396160657811822
0.00016342723716378357
0.0005969669852550721
5.652698867255273e-05
7.835029611666943e-05
5.512623526973459e-05
0.00022780183177986452
8.354303707816925e-05
0.000331903985543569
0.0003933708007342585
0.0005768739168281993
2.73716446113317e-05
4.772155729078423e-05
5.336642238997649e-05
0.00010134370906167367
0.0001353315085883496
0.00017985134969196622
0.0001892628973258905
0.00018039399100431417
0.0002612028233344588
0.00019941707919434676
0.00025577494668140965
0.0003299654487101874
0.00019645203544046074
5.2880780716305517e-05
0.0004205116659802927
0.00014351989547114905
0.00036608644640794463
0.001246386636040042
0.0010753411398340099
0.00020989822437433357
0.0008017959575922464
0.0008312698561054477
9.053426812091139e-05
4.303907367242365e-05
7.106540564481613e-05
0.00023325274403017691
8.107305939099282e-05
0.00010395612528218092
5.140107620769197e-05
6.897831817479812e-05
4.806432910335562e-05
8.315119876187025e-05
0.00012446233390048955
0.00010468605736597408
9.535698063841048e-05
5.401719055808235e-05
0.0001290994391252237
9.432591365640276e-05
0.0008817441303126554
6.461612679349705e-05
0.0003726210965472627
0.00019658868737130355
0.003473370381216018
0.0025336451049153223
0.002632386334825927
0.00015809622819285604
0.0002409112602257633
0.0001961185193914486
0.0002524650556099593
0.0003161442022972877
0.0001261035704213231
7.390035685064454e-05
0.00034125707856281676
0.0004925095382838136
0.0009347184887903086
0.0011596485771926297
0.000270353720571554
0.00013582989173925144
0.00013143120541963068
5.9824786011108775e-05
9.01010717377864e-05
0.000201811308114254
0.00015749126521153885
0.0002108769152534479
0.0005007514239996151
