fitness
0.0005801728055059353
0.000319559537485529
0.00032517413522604067
0.0005897565442954833
0.00039365824448817717
0.0005183310088748732
0.00062166954352031
0.0004261340988377153
0.0004579663138952355
0.0004726776033413662
0.00035759968830530685
0.00041860855397045653
0.0005320168996055094
0.0004816497842320362
0.0005534622432813217
0.00027064928183366153
0.00032654599424627155
0.0005517808647764268
0.0003474071423077047
0.0003549419889759462
0.0003759323197001793
0.0007236481207262733
0.00034784811474100873
0.0003186580072155395
0.00043391640469022335
0.0005138560690548713
0.0006395099725453761
0.0004505322060783066
0.0004556140683694171
0.000497742166673544
0.0003783078083561615
0.0005142974067668104
0.0005947342805861553
0.00042295950307247077
0.0005354494525162419
0.00048264969873111776
0.00030170097111243977
0.00035110465257512277
0.0004137703278852961
0.0003511612493393005
0.00035670658205706263
0.0003290396638761279
0.00042328275460700175
0.00030457043298512697
0.0006443426861882771
0.00040607155673702376
0.0005266820278986366
0.0003299104154408959
0.0005239747228333527
0.000480186573350613
0.0003123992546093934
0.0005851670087934272
0.00045641626823627354
0.0005654455908994935
0.0005208396115777069
0.0003854383621043458
0.0003459346964826812
0.00041787722015525225
0.0004407756189321827
0.0002872165517284579
0.000659042541750882
0.0004197588272353493
0.00033307679177481
0.0004955236350271024
0.00040083183319801155
0.0004943185160191904
0.0005313457596343625
0.00043914958793663135
0.0005085998081174406
0.0004254334896691975
0.0005370034796334695
0.0005988181282320788
0.00046012151280546505
0.0003695149395191417
0.00033741831174573857
0.0005455599821652818
0.0003966068434194714
0.0005774153395606302
0.0005532993791079289
0.00029818509693136297
0.0005681822074278149
0.0005588160909971017
0.0006551877533024375
0.00044997558795879236
0.0005986176199892012
0.0005241080231839546
0.0005565527035959667
0.0005092490838353766
0.0005238220419528935
0.00027394059974584367
0.00026900071919076665
0.0005959808330243074
0.0004885289122792603
0.0005464506762624653
0.0005502817351460181
0.0006424406681637011
0.0005532357757169126
0.0005203844056725775
0.00030624786082445
0.00045224547204191114
0.0004126991898917402
0.00048448073313296284
0.00036851574621947866
0.0004600382164063831
0.0004968239211977903
0.00045442763559884
0.0003358345594170528
0.0007413459578155892
0.0004890571055100503
0.0002484205250823582
0.0005576633375382894
0.00032738899206678345
0.0003848312498136897
0.0005680758868950871
0.00039972329934001696
0.0006492928249461459
0.0004213810545704821
0.0003074697438383955
0.0004783439512937621
0.00048603241627402595
0.0004325557679979689
0.00032260489356538026
0.0005512177055289921
0.0005608573669958652
0.0004577745468104419
0.0003462546344129354
0.000573004445299818
0.0001978503941277325
0.00042772225219252284
0.0008148155191418564
0.0003824401190766066
0.0004980101521821304
0.00029596851706252894
0.0004120632775037821
0.0006405133744720596
0.0004747730909190844
0.00023818540486674774
0.0003044995907319505
0.00038958402305141473
0.0002971789475981981
0.0006258022431845577
0.0004907543794455844
0.0005099530096728849
0.0006268381140766268
0.00044339876845357455
0.00036109810604917743
0.0005059226420993966
0.0005258832732024152
0.00039464609653176
0.0003783496935895043
0.00041958764350341344
0.0006629009242656713
0.0004299775590147781
0.0003370232482978316
0.0004961920889188065
0.000435626877881184
0.0004828678724716912
0.0004837751671552117
0.00043429817714308905
0.0003908208735580362
0.00043049090750531076
0.0005988517079070922
0.000630717183681006
0.0007327717600696383
0.000618835632381514
0.0006288263842270025
0.0006083714496731131
0.0005235282585114096
0.000593500036727299
0.000671531242853846
0.0005549766489646468
0.00045127273385343674
0.0006374975746463883
0.0006045358168983673
0.0004482071738146157
0.0005347705984116532
0.000672665055057698
0.00042755251333128925
0.0007190386693138054
0.0006092647428199167
0.0004789704434860601
0.0006052955697661715
0.0006195450530210219
0.0005485795101368052
0.0004195890443609661
0.0005155294456480081
0.00036116864942391117
0.0004414661010107194
0.0004984769598070556
0.00045505352091607776
0.0008142416277416931
0.0004161793488210037
0.0004982291622153687
0.0004065186206623915
0.0005654184120760283
0.0003806400869665971
0.0004898179937586574
0.0004553744854808293
0.0004742559467280238
0.00047064548233710776
