fitness
0.0005839801342139564
0.00012301963825039756
0.00031139886863935543
0.00015411493896498956
0.0007379348186778799
0.0008325744318631708
0.00043969781524710736
0.0005219268419996357
0.0011384194847154979
0.0005510345909231297
0.0002681825134091604
0.0018042838139418831
0.002162695669752327
0.000582023917978158
0.0007203648463249413
0.00012499839755849632
0.0001197201782548692
0.00012974302654075775
0.00011487504178753478
0.00010125541543229132
0.00016941091753157258
0.00023343700126826663
0.00019913311111509113
0.00023156785863753573
0.0029524389936749227
0.006713342889946985
0.0008400089874693984
0.0009075692820530115
0.00571353967720653
0.0024613234084139243
0.0005053241539431251
0.001583620327488118
0.0011097087325692395
0.0034683727687856818
0.0010311678133279086
0.0006422383066672484
0.0008378741257077944
0.001974502578350793
0.0004471590761830991
0.000249043207835468
0.0004633276358205208
0.00023322061693845523
0.00016402845359952798
0.0008401414828050588
0.0007901488699678965
0.00015840942603274845
0.00046007549095004776
0.0004124816809682361
0.00032117366051791565
0.00042044893848318583
9.823296783680718e-05
0.000197272529417303
0.00012641154272774818
0.00012880542407708325
8.644800149898961e-05
0.00011355082581206215
0.00012083577572801857
0.0008292106144643302
0.00048718726391691077
0.0002300875903282833
0.0005380327048196248
0.00016987664891439426
0.0003079954847301
0.00015632196761077385
0.0002041937658382039
0.0004648291786436793
0.0007873589528895853
7.361695532040839e-05
0.0001307603037467997
6.796504700334022e-05
0.0004411246695499584
0.00024160998383531584
0.00012719167638869792
8.256715983432447e-05
4.957845600776497e-05
0.00015693200599791512
0.0009933681971304972
0.0004735007063709551
0.0004541305069565651
0.0005470672881330244
9.087570644774023e-05
0.0001318070047302591
0.0006061263561014436
0.00023533187926378664
0.0004811607772371226
0.0005830629893342411
0.0003414988907263629
0.00032493434464215637
0.00030609897835330243
0.000468522604591708
0.00017907255835457079
0.00034964772819029113
0.001021764463727852
0.0002257164446632165
0.0029712561891448784
0.0013663890624224246
0.0024884692672344634
0.00023032577352548612
0.00038838195826721106
0.0006664723333659566
0.0005638666932493709
0.007220267251557297
0.0006067137470103358
0.0018213793408982874
0.0002595011622165326
0.00038871940665482715
0.0004222699735072593
0.00019610957067021725
0.00014502229379667047
0.00010911154645673566
0.00013024573130224388
0.0002489226551224383
0.002135947577086526
0.0003780440321514802
0.0026649848064003536
0.002743325484904572
0.0013845313643028182
0.00046621302509999396
0.00035725823509373593
0.00017256266272583305
0.00029994231668555965
0.00021576746096244615
0.0009503135776748468
0.0007605135988122747
0.00018533270864978877
0.00024896828874273005
0.0002658303303474559
0.0004687627480160894
0.0004580949929108555
5.602053760193293e-05
0.0003914758567785366
0.00029402355224933207
0.00010000742489284634
0.00044161535030211654
0.0005228987329342256
0.00010741341655991725
7.548861302813736e-05
7.174968144562305e-05
0.0004356797470483986
0.0007763375588111907
0.0003500467724803672
0.0001993544390424923
0.0006745860620219725
0.0004535269523733825
0.00119585490908349
0.0003273112676386812
0.000275586057816454
0.00026262201667218317
0.00015193225826417325
3.1961711056528166e-05
2.8462427684630783e-05
0.0007817124425404328
1.4389949278124662e-05
0.00022937621990189093
3.238589885090279e-05
4.080644127591849e-05
3.960832228179871e-05
0.001829986761669203
0.002024475245779943
0.00010250414826824311
7.037479286292962e-05
0.00034380471349293
9.560192507365336e-05
0.00025967477437950246
0.0003470833033286181
0.0002871857883477864
0.00028385934572535613
0.0001795650315771934
0.00027975387779287895
9.959000777660766e-05
0.00011141210144887123
0.0001742340074907565
0.0002961364260936385
0.00017611636892272438
0.00011370867195204705
0.00031993257245994423
0.00047821896859815967
0.0003632705090202517
0.00014836843766270655
0.000374227820762604
0.0003002491396200312
0.00028007930373640514
0.0003918077034047961
0.00027843733848753816
0.0025728738980327352
0.003798743743319656
0.0023962184576992868
0.00019505619858426674
0.0018550589492880485
0.0005937293855041616
0.005622715081851676
0.007503941497437894
0.002127685244165525
0.0005531550452577934
0.0006414087745752015
0.001263683607820113
0.0011087502642347922
0.0005467934353074273
0.0007058664620043739
4.274375239600554e-05
