fitness
0.0004670101072255755
0.00048166632714863994
0.0004590830924794746
0.0004408560360590765
0.0004959030957944758
0.00043843360438313084
0.00042533236509680993
0.0005159702720006493
0.0004505443291253891
0.0004989224021366444
0.0004444031706255662
0.00046245176630672875
0.0005101428952725841
0.00045013974593225933
0.0004534980410449915
0.0004089612280154828
0.00045516353562354033
0.0006664969285220977
0.0009183876624131503
0.0005157460007190795
0.0005549974707982615
0.0004967758637850571
0.00011533189456812723
0.000105013248343386
8.892365214272078e-05
0.0006324173352312276
0.00033955903216373014
0.0003950511429266622
0.00042256245049364794
0.00044572383157806035
0.0004620708239096045
0.00041631845808738795
0.00048236031765197974
0.00047804331947218237
0.00027895192535578315
0.0002867670359760931
0.00027140827200020773
0.0003794009110652691
0.0004087707985606116
0.0005501700545925346
0.0005339559624538161
0.00047447640400932864
0.000494241203628794
0.00036151867451763106
0.0004941772676379317
0.0005116430555307526
0.00035955148613535625
0.0005086909108595538
0.0004320786407320899
0.00043851186307032196
0.00035312110451898496
0.0004352576465400321
0.0003905350398254801
0.0006028581696547932
0.0003909371394077666
0.0004737898063542315
0.0005303895705148693
0.00047695622549286863
0.00045208081785680045
0.00046141744511627776
0.00042025018723678824
0.0006030947540261928
0.0005013590269712687
0.00051259827120917
0.0004891677468656591
0.0006042158100351759
0.00042389650817556017
0.000528174643775756
0.0004894130160450508
0.000534398629378791
0.0005404288285818765
0.00041610295066239804
0.0003767886475351188
0.00034468407227302187
0.0004888594992599254
0.0005462858116026859
0.0005067228364939162
0.00054158612612463
0.00044287033680133405
0.0005261946676629494
0.0004753761588710272
0.00044417599028049947
0.0006627580319925325
0.0005687528392632397
0.0004246414306737839
0.0005955708825705453
0.0004582131162249452
0.0003872363940137391
0.0004413706678987816
0.0004272136140480106
0.0004526020869507433
0.00043152534070297515
0.0004794507643401596
0.00036056300662520564
0.0004449672412038218
0.0003914389676412517
0.00017357157626258588
0.0005061740302950007
0.00042873937563728574
0.0004814777382501435
0.000418172981809479
0.0005256505351524203
0.0005103264835969088
0.0004703454385807391
0.00042932974070314443
0.0004515446256128876
0.0004099469384666919
0.0003858415912263688
0.0004437838670771713
0.00046740476655105536
0.0005462136404207345
0.0003087786456433956
0.00041472879024566215
0.0004830487766318685
0.0004968026496428762
0.00048383662261755313
0.0005908484584497843
0.0004748239598792775
0.0005207223932043764
0.0004918514454960841
0.00046590555397377627
0.000464689394196329
0.00037980202954458216
0.00042844674805359565
0.0003890200102014599
0.0006685402657732409
0.0006491638227365849
0.0003729570397554663
0.00048125702764969006
0.0005601454576262166
0.00046650944004877155
0.0005005710396340724
0.0005156642695548142
0.0004827008524905688
0.0005367224971788001
0.00046427095085476854
0.0004936068202971239
0.0005594443862756883
0.0005749271343365157
0.00047962434916921915
0.000466454513880883
0.0003276746420160558
0.00030683172403590467
0.00037836421283756833
0.00046393299871632407
0.00033489287951543356
0.00037222357794954546
0.00043011732674670905
0.000345134757186331
0.00033620304917910814
0.0004215828812120454
0.0004698338088855795
0.00045600598833339786
0.00060133530086382
0.00043909870451305273
0.0005027514842102717
0.0004480665772721762
0.0005064021479885968
0.000580694616246643
0.0004622138681710437
0.0004209275385464082
0.0006207172495193716
0.00045720472622074045
0.0003738462494177103
0.0004382397369294192
0.00041003769853778385
0.0004922020425298756
0.00041456606048258455
0.0005718729361413399
0.00044218218679014645
0.0005268199065478672
0.00036535723976426575
0.0003719229025671776
0.00048400369770257675
0.0004666091966921671
0.00040154022597642966
0.0004049037849702488
0.00036560386484701295
0.0003015670842086705
0.0004464766457472589
0.0004506155138690683
0.0003815766584542946
0.0003055509885487455
0.00040390101385714413
0.0004326656058314042
0.0003850202837476425
0.00033432847729214813
0.00028835648002343753
0.0005359873040322073
0.0004380914980223715
0.00047619223233328934
0.0003995013585316504
0.0005604532243966514
0.0003513416682466132
0.0004268498431350387
0.0005403175372543746
0.0004944706140736142
0.0005693366479651046
0.0004750477632940833
0.00043212319854891296
