fitness
0.00029758503658308173
0.0004942138538000574
0.0004164539638854473
0.00042141924592651757
0.0006909853592448254
0.00041776538627238957
0.00043190773336372043
0.0005724607751856185
0.0008062352311336679
0.0003856930101413664
0.0002909448744789257
0.0003695718563976166
0.0003910623678342222
0.0008200692153190284
0.0005031905353119102
0.0005070769058588248
0.0004222329643948199
0.0004840611859433926
0.0002866246816641577
0.0004117557902197637
0.0003365066772195524
0.0004343326552388055
0.0004498017356182865
0.00031700890585653873
0.0004263178068361077
0.0004716105355380881
0.0003433176195300255
0.0003902234803010942
0.0003250651620509697
0.00037355002769752814
0.0003788807521237795
0.00038942690043827446
0.00042160907673000623
0.00035675525911967574
0.000326144885318274
0.0005114533284059628
0.0005001518731050883
0.00043446101223621624
0.0004061194364411649
0.00038460682240095453
0.0004650175412169122
0.00046241631977102937
0.0006285910616005416
0.0004439512550434349
0.0004024898553393154
0.0006338497001582173
0.0007450175812333842
0.00038197442804255473
0.00040979304005594596
0.0004333238754859596
0.00034524564139896225
0.0003203934838469091
0.0005872298107418399
0.00048491499554168893
0.00047120900889564745
0.0005534023967695298
0.0004198895053227908
0.0005475465349057312
0.0005498548638765978
0.0005361133762718499
0.000746360848401826
0.0004709733795691123
0.00047323242304280817
0.0004720404160409651
0.0003585540386968803
0.0003401827752649046
0.0006779460828829111
0.00034247358245356095
0.0006443841754626113
0.000722159372340218
0.0006718883399531609
0.000358746448194903
0.0006974669955463037
0.0011937320254566503
0.0005842182295216945
0.0007571353014631021
0.0006144043614256254
0.000558340246731628
0.0004353840327260138
0.00041267420737761673
0.0005175774229298521
0.0009817587018282692
0.00057212938962037
0.0006443809213357455
0.000450105994682263
0.0005166929048376951
0.0005337378263472155
0.0005430571227641623
0.0004950012483245107
0.0005380119922921083
0.0005618465510616523
0.000513455366750328
0.0005955937048912733
0.0006987247058593099
0.00050862387706417
0.000548172236190206
0.0005916254708346319
0.0005959071207128309
0.0011036753231417813
0.0006547127198553695
0.0008629492407190875
0.001067047095241547
0.0008603574852056453
0.000527050270671327
0.0005249572361254002
0.0003187850965776276
0.00048734401654775797
0.0005126823111886657
0.0003707824159724971
0.0004033647252925844
0.00033312409460036293
0.000262367442314198
0.0005869817899970285
0.0004753655841089903
0.0005289139508727575
0.00039442203386867594
0.0005244695013546693
0.0003695935727360698
0.0004063100354103636
0.0004879948389402638
0.00040784652833924086
0.00046859032596565167
0.00046549061093154666
0.0004597194344596274
0.00048331889938761543
0.00032993483384054543
0.0005569143578247159
0.0008004261947976247
0.0003416186868222637
0.0005316959129401664
0.00046818709000347864
0.00039978989678247966
0.0005288153646129279
0.0003380987856452518
0.0005381046240340232
0.0006213929701866136
0.0006745804156621468
0.0007010798589212997
0.0005113647699213586
0.0005340681437408939
0.0006734328649815415
0.0004315151032955804
0.00038835394915536235
0.0005551299935984441
0.00047271762229220024
0.0006106969612037138
0.000546181054110764
0.0005887697272696169
0.000690503629299644
0.0003217834919497764
0.00036142817900614184
0.0005454768528923399
0.0004642860019090793
0.0005455723711073249
0.0005984771100241981
0.00038286987487971087
0.00045367042237188875
0.0004122882256437835
0.000515192216700163
0.00045596593591690215
0.0004455840856026669
0.0002071975723739125
0.0004533041428878976
0.00043077559020165973
0.0003267226178222353
0.0003134951677800901
0.00021952916973792144
0.00019757482853128986
0.00042033838352767666
0.00031138619055226264
0.00020736831208045882
0.00030082025204756905
0.0007215926875281177
0.0005820027677751375
0.00047040235202050484
0.0005513572359928125
0.0005051713095984695
0.0005125935228057715
0.0006309426947464263
0.0005290511356618422
0.0005558862963716207
0.0003237719028352251
0.000603585176080238
0.00047287450853439263
0.0003652576712248122
0.0004911004762377835
0.00044912161011754874
0.0006387947748851302
0.0006826991861268739
0.00047976881745841166
0.0005634622667093353
0.0006229555720674851
0.0005829646388929425
0.0003734368161752276
0.0007098912231969315
0.00039099620501176154
0.0006399777632454305
0.0008164487359721665
0.0006765264993426584
0.0005310809488720332
